  -43.4000   -21.0000 1
  -43.4000   -20.6000 1
  -43.4000   -20.2000 1
  -43.4000   -19.8000 1
  -43.4000   -19.4000 1
  -43.4000   -19.0000 1
  -43.4000   -18.6000 1
  -43.0000   -20.6000 1
  -43.0000   -20.2000 1
  -43.0000   -19.8000 1
  -43.0000   -19.4000 1
  -43.0000   -19.0000 1
  -43.0000   -18.6000 1
  -43.0000   -18.2000 1
  -42.6000   -20.6000 1
  -42.6000   -20.2000 1
  -42.6000   -19.8000 1
  -42.6000   -19.4000 1
  -42.6000   -19.0000 1
  -42.6000   -18.6000 1
  -42.6000   -18.2000 1
  -42.2000   -20.2000 1
  -42.2000   -19.8000 1
  -42.2000   -19.4000 1
  -42.2000   -19.0000 1
  -42.2000   -18.6000 1
  -42.2000   -18.2000 1
  -42.2000   -17.8000 1
  -41.8000   -20.2000 1
  -41.8000   -19.8000 1
  -41.8000   -19.4000 1
  -41.8000   -19.0000 1
  -41.8000   -18.6000 1
  -41.8000   -18.2000 1
  -41.4000   -20.2000 1
  -41.4000   -19.8000 1
  -41.4000   -19.4000 1
  -41.4000   -19.0000 1
  -41.0000   -20.2000 1
  -41.0000   -19.8000 1
  -41.0000   -19.4000 1
