  -43.4000   -18.2000 1
  -43.4000   -17.8000 1
  -43.4000   -17.4000 1
  -43.4000   -17.0000 1
  -43.4000   -16.6000 1
  -43.0000   -17.8000 1
  -43.0000   -17.4000 1
  -43.0000   -17.0000 1
  -43.0000   -16.6000 1
  -43.0000   -16.2000 1
  -42.6000   -17.8000 1
  -42.6000   -17.4000 1
  -42.6000   -17.0000 1
  -42.6000   -16.6000 1
  -42.6000   -16.2000 1
  -42.2000   -17.4000 1
  -42.2000   -17.0000 1
  -42.2000   -16.6000 1
  -42.2000   -16.2000 1
  -41.8000   -17.4000 1
  -41.8000   -17.0000 1
  -41.8000   -16.6000 1
  -41.8000   -16.2000 1
  -41.4000   -17.0000 1
  -41.4000   -16.6000 1
  -41.4000   -16.2000 1
  -41.0000   -16.6000 1
  -41.0000   -16.2000 1
  -41.0000   -15.8000 1
  -40.6000   -16.6000 1
  -40.6000   -16.2000 1
  -40.6000   -15.8000 1
  -40.2000   -16.2000 1
  -40.2000   -15.8000 1
  -39.8000   -16.2000 1
  -39.0000   -15.8000 1
