  -51.0000   -23.8000 1
  -51.0000   -23.4000 1
  -51.0000   -23.0000 1
  -51.0000   -22.6000 1
  -51.0000   -22.2000 1
  -51.0000   -21.8000 1
  -51.0000   -21.4000 1
  -51.0000   -21.0000 1
  -51.0000   -20.6000 1
  -50.6000   -23.4000 1
  -50.6000   -23.0000 1
  -50.6000   -22.6000 1
  -50.6000   -22.2000 1
  -50.6000   -21.8000 1
  -50.6000   -21.4000 1
  -50.6000   -21.0000 1
  -50.6000   -20.6000 1
  -50.2000   -23.8000 1
  -50.2000   -23.4000 1
  -50.2000   -23.0000 1
  -50.2000   -22.6000 1
  -50.2000   -22.2000 1
  -50.2000   -21.8000 1
  -50.2000   -21.4000 1
  -50.2000   -21.0000 1
  -50.2000   -20.6000 1
  -50.2000   -20.2000 1
  -49.8000   -23.8000 1
  -49.8000   -23.4000 1
  -49.8000   -23.0000 1
  -49.8000   -22.6000 1
  -49.8000   -22.2000 1
  -49.8000   -21.8000 1
  -49.8000   -21.4000 1
  -49.8000   -21.0000 1
  -49.8000   -20.6000 1
  -49.8000   -20.2000 1
  -49.4000   -23.8000 1
  -49.4000   -23.4000 1
  -49.4000   -23.0000 1
  -49.4000   -22.6000 1
  -49.4000   -22.2000 1
  -49.4000   -21.8000 1
  -49.4000   -21.4000 1
  -49.4000   -21.0000 1
  -49.4000   -20.6000 1
  -49.0000   -23.8000 1
  -49.0000   -23.4000 1
  -49.0000   -23.0000 1
  -49.0000   -22.6000 1
  -49.0000   -22.2000 1
  -49.0000   -21.8000 1
  -49.0000   -21.4000 1
  -49.0000   -21.0000 1
  -49.0000   -20.6000 1
  -48.6000   -23.4000 1
  -48.6000   -23.0000 1
  -48.6000   -22.6000 1
  -48.6000   -22.2000 1
  -48.6000   -21.8000 1
  -48.6000   -21.4000 1
  -48.6000   -21.0000 1
  -48.6000   -20.6000 1
  -48.2000   -23.8000 1
  -48.2000   -22.2000 1
  -48.2000   -21.8000 1
  -48.2000   -21.4000 1
  -48.2000   -21.0000 1
  -48.2000   -20.6000 1
  -48.2000   -20.2000 1
  -48.2000   -19.8000 1
  -48.2000   -19.4000 1
  -47.8000   -23.8000 1
  -47.8000   -23.4000 1
  -47.8000   -23.0000 1
  -47.8000   -22.2000 1
  -47.8000   -21.8000 1
  -47.8000   -21.4000 1
  -47.8000   -21.0000 1
  -47.8000   -20.6000 1
  -47.8000   -20.2000 1
  -47.8000   -19.8000 1
  -47.4000   -23.0000 1
  -47.4000   -22.6000 1
  -47.4000   -22.2000 1
  -47.4000   -21.8000 1
  -47.4000   -21.4000 1
  -47.4000   -21.0000 1
  -47.4000   -20.6000 1
  -47.0000   -23.8000 1
  -47.0000   -23.4000 1
  -47.0000   -22.6000 1
  -47.0000   -21.8000 1
  -47.0000   -21.4000 1
  -47.0000   -21.0000 1
  -47.0000   -20.6000 1
  -47.0000   -20.2000 1
  -46.6000   -23.8000 1
  -46.6000   -23.0000 1
  -46.6000   -22.6000 1
  -46.6000   -21.8000 1
  -46.6000   -21.4000 1
  -46.6000   -21.0000 1
  -46.6000   -20.6000 1
  -46.6000   -19.0000 1
  -46.2000   -23.8000 1
  -46.2000   -23.4000 1
  -46.2000   -23.0000 1
  -46.2000   -22.6000 1
  -46.2000   -22.2000 1
  -46.2000   -21.4000 1
  -46.2000   -21.0000 1
  -46.2000   -20.6000 1
  -46.2000   -19.4000 1
  -46.2000   -19.0000 1
  -45.8000   -23.8000 1
  -45.8000   -23.0000 1
  -45.8000   -22.6000 1
  -45.8000   -22.2000 1
  -45.8000   -21.8000 1
  -45.8000   -21.0000 1
  -45.8000   -20.6000 1
  -45.8000   -20.2000 1
  -45.8000   -19.8000 1
  -45.8000   -19.4000 1
  -45.8000   -19.0000 1
  -45.4000   -23.4000 1
  -45.4000   -23.0000 1
  -45.4000   -22.6000 1
  -45.4000   -22.2000 1
  -45.4000   -21.8000 1
  -45.4000   -21.0000 1
  -45.4000   -20.6000 1
  -45.4000   -19.8000 1
  -45.4000   -19.4000 1
  -45.0000   -23.0000 1
  -45.0000   -21.8000 1
  -45.0000   -21.4000 1
  -45.0000   -21.0000 1
  -45.0000   -20.6000 1
  -45.0000   -18.2000 1
  -44.6000   -23.0000 1
  -44.6000   -22.6000 1
  -44.6000   -22.2000 1
  -44.6000   -21.8000 1
  -44.6000   -21.4000 1
  -44.6000   -21.0000 1
  -44.6000   -20.6000 1
  -44.6000   -20.2000 1
  -44.6000   -18.2000 1
  -44.2000   -22.6000 1
  -44.2000   -22.2000 1
  -44.2000   -21.8000 1
  -44.2000   -21.4000 1
  -44.2000   -21.0000 1
  -44.2000   -20.6000 1
  -44.2000   -20.2000 1
  -44.2000   -18.2000 1
  -43.8000   -22.6000 1
  -43.8000   -22.2000 1
  -43.8000   -21.8000 1
  -43.8000   -21.4000 1
  -43.8000   -21.0000 1
  -43.8000   -20.6000 1
  -43.8000   -20.2000 1
  -43.8000   -19.8000 1
  -43.8000   -18.6000 1
  -43.8000   -18.2000 1
  -43.4000   -22.2000 1
  -43.4000   -21.4000 1
  -43.4000   -21.0000 1
  -43.4000   -20.6000 1
  -43.4000   -20.2000 1
  -43.4000   -19.8000 1
  -43.4000   -19.4000 1
  -43.4000   -19.0000 1
  -43.4000   -18.6000 1
  -43.0000   -22.2000 1
  -43.0000   -21.8000 1
  -43.0000   -21.0000 1
  -43.0000   -20.6000 1
  -43.0000   -20.2000 1
  -43.0000   -19.8000 1
  -43.0000   -19.4000 1
  -43.0000   -19.0000 1
  -43.0000   -18.6000 1
  -43.0000   -17.4000 1
  -42.6000   -20.6000 1
  -42.6000   -19.8000 1
  -42.6000   -19.4000 1
  -42.6000   -17.4000 1
  -42.2000   -21.4000 1
  -42.2000   -19.8000 1
  -42.2000   -19.4000 1
  -42.2000   -17.4000 1
  -41.8000   -19.4000 1
  -41.8000   -19.0000 1
  -41.8000   -17.8000 1
  -41.4000   -19.8000 1
  -41.4000   -19.4000 1
  -41.4000   -19.0000 1
  -41.4000   -17.8000 1
  -41.0000   -19.8000 1
  -41.0000   -19.4000 1
  -41.0000   -19.0000 1
  -41.0000   -18.6000 1
  -41.0000   -18.2000 1
  -41.0000   -17.8000 1
  -41.0000   -16.6000 1
  -40.6000   -20.2000 1
  -40.6000   -19.8000 1
  -40.6000   -19.4000 1
  -40.6000   -19.0000 1
  -40.6000   -18.6000 1
  -40.6000   -18.2000 1
  -40.6000   -17.8000 1
  -40.2000   -20.2000 1
  -40.2000   -19.8000 1
  -40.2000   -19.4000 1
  -40.2000   -19.0000 1
  -40.2000   -18.6000 1
  -40.2000   -18.2000 1
  -40.2000   -17.8000 1
  -40.2000   -17.4000 1
  -40.2000   -17.0000 1
  -39.8000   -20.2000 1
  -39.8000   -19.8000 1
  -39.8000   -19.4000 1
  -39.8000   -19.0000 1
  -39.8000   -18.6000 1
  -39.8000   -18.2000 1
  -39.4000   -19.8000 1
  -39.4000   -19.4000 1
  -39.4000   -19.0000 1
  -39.4000   -18.6000 1
  -39.4000   -18.2000 1
  -39.0000   -19.8000 1
  -39.0000   -19.4000 1
  -39.0000   -19.0000 1
  -39.0000   -18.6000 1
  -39.0000   -18.2000 1
  -39.0000   -17.8000 1
  -39.0000   -17.0000 1
  -38.6000   -19.4000 1
  -38.6000   -19.0000 1
  -38.6000   -18.6000 1
  -38.6000   -18.2000 1
  -38.6000   -17.8000 1
  -38.6000   -17.0000 1
  -38.2000   -18.6000 1
  -38.2000   -17.8000 1
  -38.2000   -17.4000 1
  -38.2000   -17.0000 1
  -38.2000   -16.2000 1
  -37.8000   -19.0000 1
  -37.8000   -18.6000 1
  -37.8000   -17.8000 1
  -37.8000   -17.4000 1
  -37.8000   -17.0000 1
  -37.8000   -15.4000 1
  -37.4000   -18.6000 1
  -37.4000   -18.2000 1
  -37.4000   -17.4000 1
  -37.4000   -17.0000 1
  -37.4000   -15.4000 1
  -37.0000   -18.6000 1
  -37.0000   -18.2000 1
  -37.0000   -17.4000 1
  -37.0000   -17.0000 1
  -36.6000   -18.2000 1
  -36.6000   -17.4000 1
  -36.6000   -17.0000 1
  -36.6000   -15.8000 1
  -36.2000   -18.2000 1
  -36.2000   -17.4000 1
  -36.2000   -17.0000 1
  -36.2000   -16.6000 1
  -36.2000   -15.8000 1
  -36.2000   -15.4000 1
  -35.8000   -17.4000 1
  -35.8000   -17.0000 1
  -35.8000   -16.6000 1
  -35.8000   -15.8000 1
  -35.8000   -14.6000 1
  -35.4000   -17.8000 1
  -35.4000   -17.0000 1
  -35.4000   -16.6000 1
  -35.4000   -16.2000 1
  -35.4000   -15.8000 1
  -35.4000   -14.6000 1
  -35.0000   -17.0000 1
  -35.0000   -16.6000 1
  -35.0000   -16.2000 1
  -35.0000   -15.8000 1
  -35.0000   -15.0000 1
  -35.0000   -14.6000 1
  -34.6000   -17.0000 1
  -34.6000   -16.6000 1
  -34.6000   -16.2000 1
  -34.6000   -15.8000 1
  -34.6000   -15.0000 1
  -34.2000   -17.4000 1
  -34.2000   -17.0000 1
  -34.2000   -16.6000 1
  -34.2000   -16.2000 1
  -34.2000   -15.8000 1
  -34.2000   -15.0000 1
  -34.2000   -14.6000 1
  -33.8000   -16.6000 1
  -33.8000   -15.8000 1
  -33.4000   -16.6000 1
  -33.4000   -16.2000 1
  -33.4000   -15.8000 1
  -33.4000   -15.4000 1
  -33.4000   -14.6000 1
  -33.4000   -13.8000 1
  -33.0000   -16.6000 1
  -33.0000   -16.2000 1
  -33.0000   -15.4000 1
  -33.0000   -14.2000 1
  -33.0000   -13.8000 1
  -32.6000   -16.2000 1
  -32.6000   -15.4000 1
  -32.6000   -15.0000 1
  -32.6000   -14.6000 1
  -32.6000   -14.2000 1
  -32.6000   -13.4000 1
  -32.2000   -16.2000 1
  -32.2000   -15.4000 1
  -32.2000   -15.0000 1
  -32.2000   -14.6000 1
  -31.8000   -15.8000 1
  -31.8000   -15.4000 1
  -31.8000   -15.0000 1
  -31.8000   -14.6000 1
  -31.4000   -16.2000 1
  -31.4000   -15.8000 1
  -31.4000   -15.0000 1
  -31.4000   -14.6000 1
  -31.4000   -13.4000 1
  -31.0000   -15.8000 1
  -31.0000   -15.4000 1
  -31.0000   -15.0000 1
  -31.0000   -14.6000 1
  -31.0000   -13.8000 1
  -31.0000   -13.4000 1
  -31.0000   -13.0000 1
  -30.6000   -15.8000 1
  -30.6000   -15.0000 1
  -30.6000   -14.6000 1
  -30.6000   -14.2000 1
  -30.6000   -12.6000 1
  -30.2000   -15.4000 1
  -30.2000   -14.6000 1
  -30.2000   -14.2000 1
  -29.8000   -15.4000 1
  -29.8000   -15.0000 1
  -29.8000   -14.6000 1
  -29.8000   -14.2000 1
  -29.8000   -13.8000 1
  -29.4000   -15.0000 1
  -29.4000   -14.6000 1
  -29.4000   -13.8000 1
  -29.4000   -13.4000 1
  -29.4000   -13.0000 1
  -29.4000   -12.6000 1
  -29.0000   -14.2000 1
  -29.0000   -13.8000 1
  -29.0000   -13.4000 1
  -29.0000   -12.6000 1
  -29.0000   -12.2000 1
  -28.6000   -15.0000 1
  -28.6000   -14.6000 1
  -28.6000   -14.2000 1
  -28.6000   -13.8000 1
  -28.6000   -13.4000 1
  -28.2000   -14.6000 1
  -28.2000   -13.4000 1
  -28.2000   -11.8000 1
  -27.8000   -14.6000 1
  -27.8000   -14.2000 1
  -27.8000   -13.8000 1
  -27.8000   -13.4000 1
  -27.8000   -13.0000 1
  -27.8000   -12.6000 1
  -27.8000   -12.2000 1
  -27.4000   -14.2000 1
  -27.4000   -13.8000 1
  -27.4000   -13.4000 1
  -27.4000   -13.0000 1
  -27.4000   -11.8000 1
  -27.0000   -14.2000 1
  -27.0000   -13.8000 1
  -27.0000   -13.0000 1
  -27.0000   -12.6000 1
  -26.6000   -13.4000 1
  -26.6000   -13.0000 1
  -26.6000   -12.6000 1
  -26.6000   -12.2000 1
  -26.6000   -11.8000 1
  -26.6000   -11.4000 1
  -26.2000   -13.8000 1
  -26.2000   -12.6000 1
  -26.2000   -12.2000 1
  -26.2000   -11.8000 1
  -26.2000   -11.0000 1
  -25.8000   -13.0000 1
  -25.8000   -12.2000 1
  -25.8000   -11.4000 1
