  -57.0000   -29.8000 1
  -56.6000   -29.8000 1
  -56.6000   -29.4000 1
  -56.2000   -29.8000 1
  -56.2000   -29.4000 1
  -56.2000   -29.0000 1
  -55.8000   -30.6000 1
  -55.8000   -30.2000 1
  -55.8000   -29.8000 1
  -55.8000   -29.4000 1
  -55.8000   -29.0000 1
  -55.8000   -28.6000 1
  -55.4000   -31.0000 1
  -55.4000   -30.6000 1
  -55.4000   -30.2000 1
  -55.4000   -29.8000 1
  -55.4000   -29.4000 1
  -55.4000   -29.0000 1
  -55.4000   -28.6000 1
  -55.4000   -28.2000 1
  -55.0000   -31.0000 1
  -55.0000   -30.6000 1
  -55.0000   -30.2000 1
  -55.0000   -29.8000 1
  -55.0000   -29.4000 1
  -55.0000   -29.0000 1
  -55.0000   -28.6000 1
  -55.0000   -28.2000 1
  -55.0000   -27.8000 1
  -54.6000   -31.0000 1
  -54.6000   -30.6000 1
  -54.6000   -30.2000 1
  -54.6000   -29.8000 1
  -54.6000   -29.4000 1
  -54.6000   -29.0000 1
  -54.6000   -28.6000 1
  -54.6000   -28.2000 1
  -54.6000   -27.8000 1
  -54.2000   -31.0000 1
  -54.2000   -29.4000 1
  -54.2000   -29.0000 1
  -54.2000   -28.6000 1
  -54.2000   -28.2000 1
  -54.2000   -27.8000 1
  -54.2000   -27.4000 1
  -53.8000   -29.4000 1
  -53.8000   -28.6000 1
  -53.8000   -28.2000 1
  -53.8000   -27.8000 1
  -53.8000   -27.4000 1
  -53.4000   -28.2000 1
  -53.4000   -27.8000 1
  -53.4000   -27.4000 1
  -53.4000   -27.0000 1
  -53.4000   -26.6000 1
  -53.0000   -28.2000 1
  -53.0000   -27.8000 1
  -53.0000   -27.4000 1
  -53.0000   -27.0000 1
  -53.0000   -26.6000 1
  -52.6000   -28.2000 1
  -52.6000   -27.8000 1
  -52.6000   -27.4000 1
  -52.6000   -27.0000 1
  -52.6000   -26.6000 1
  -52.2000   -28.2000 1
  -52.2000   -27.8000 1
  -52.2000   -27.4000 1
  -52.2000   -27.0000 1
  -52.2000   -26.6000 1
  -51.8000   -28.2000 1
  -51.8000   -27.8000 1
  -51.8000   -27.4000 1
  -51.8000   -27.0000 1
  -51.8000   -26.6000 1
  -51.4000   -28.2000 1
  -51.4000   -27.8000 1
  -51.4000   -27.4000 1
  -51.4000   -27.0000 1
  -51.0000   -28.2000 1
  -51.0000   -27.8000 1
  -51.0000   -27.4000 1
  -51.0000   -27.0000 1
  -50.6000   -28.6000 1
  -50.6000   -28.2000 1
  -50.6000   -27.8000 1
  -50.6000   -27.4000 1
  -50.6000   -27.0000 1
  -50.2000   -28.6000 1
  -50.2000   -28.2000 1
  -50.2000   -27.8000 1
  -50.2000   -27.4000 1
  -49.8000   -28.6000 1
  -49.8000   -28.2000 1
  -49.8000   -27.8000 1
  -49.4000   -27.8000 1
